55 75
31
5 1 2 3 1 13 2
6 5 2 2 9 3 2
4 15 4 1 3
18 1 5 3 4
2 4 3 4 5 7
23 4 2 2 1 1 7 3 2
5 4 2 1 3 2 9 2 1 9 2 3
4 5 2 4 2 1 3 9 3 4 3
9 3 3 6 2 2 5 2 4
4 4 4 2 3 3 1 2 1 2 11 2
3 3 4 2 6 3 2 15 3 1 2
7 1 1 2 2 2 1 10 3 8 4
2 3 2 6 2 4 1 3 2 10 4 1
1 3 3 6 3 7 1 2 4 13 2 2
2 4 1 8 2 2 4 5 2 22 4
2 1 5 3 5 2 4 2 2 9 16
4 5 2 2 2 4 2 9 3 8 1
3 1 2 9 4 3 4 4 5 6 1
2 2 5 12 7 1 4 5 4 2
1 7 19 13 4 6
1 12 9 2 10 10
1 8 2 1 12 3 8
1 8 6 8 3 3 7
1 4 9 3 3 3 9 1 4
1 2 8 4 4 3 6 8 3
1 1 1 3 2 5 2 10 1
1 2 4 2 4 6 5 2
1 1 3 1 1 5 7 8
1 1 3 1 5 9 7
1 1 3 2 9 1 5
1 5 1 3 4 5 2
1 4 2 2 6 4
1 2 1 3 1 4 4 7
1 7 1 3 1 5 3 10
1 1 4 3 1 1 20
1 1 2 1 6 1 5 2 2
2 5 2 9 7
1 4 2 6
2 2 1 1 2 5 5
1 2 6 2 1 2 19
2 4 2 1 2 2 1 5 9
1 3 1 3 1 1 3
1 5 2 1 5 5
1 3 2 1 3 13
3 2 1 19
5
4 2 4 4
2 4 6 4 6
1 3 5
2 2 12
5 7
4 8
4 7 4
18
19
4 3
4 3
3 2 1
2 1
2 1
3 3
7
2 4
6 1
2 2 3
4 2
4 3
1 2 6
4 4
4 1 2 2
3 1 4 3 3
1 5 3 6
6 2 7 1
2 2 2 1 5 1
2 1 1 3 4
4 2 1 7 6 3 1
1 2 5 9 2 1 2 1 2
1 8 4 2 8 10
2 2 2 1 4 13 11
3 2 1 3 11 3 5 2
1 1 8 8 2 1 1 1
3 1 1 1 4 3 2 1 2
1 1 1 1 8 2 3 1
1 1 1 1 3 8 2 2 1
1 1 3 7 2 1 1
3 3 9 2
3 1 11 1 1
2 2 2 2 6 1 1 1
2 1 1 4 7 3 2
6 5 7 6 2 1
2 2 3 3 5 1 1 4 2
5 3 2 9 2 6 1
4 3 1 8 1 1 3 1
4 2 1 1 3 1 5 3 6
1 2 1 2 1 1 3 2 6 7 3
2 1 3 2 4 9 2
4 4 1 2 4 3 5 4 3
1 2 2 3 3 2 6 12
5 3 2 3 2 2 2 2 1
9 3 1 1 1 1 2 1
1 7 2 1 1 1 2 2
10 2 3 1 2
1 3 5 4 3
1 2 3 9 1 1 2
5 2 8 1 1 1 1
5 11 1 2
1 2 1 4 2 1 1 3
4 1 1 4 2 2 2 2
4 2 4 7 2 2 1 1 2
2 1 1 12 3 2 1 1 1 1 2
1 1 3 4 2 4 3 3 1 1 1 1 2 1
3 2 3 2 3 3 3 1 1 1 1 2 1 3 2
1 1 5 3 2 1 2 1 1 1 1 2 1 2 1
3 1 4 5 2 4 3 1 2 1 2 1
17 1 2 1 3 1 2 1 2 1
8 9 1 1 2 1 3 2 2 1
8 11 2 1 1 1 2 2 1 2
9 1 8 2 1 1 3 2 2 1 2
3 6 5 3 2 1 1 3 2 2 1 2
3 4 7 3 2 1 4 2 2 1 2
2 3 6 3 2 1 3 2 2 1 2
3 1 6 3 4 1 3 2 2 1 3
6 5 3 5 4 1 2 2 5
3 4 1 8 5 6 2 2 1 3 1
2 3 2 8 6 9 3 1 3 1
2 3 1 13 10 5 3 2 5
1 3 3 2 4 7 3 4 9 2 4
13 3 7 4 13 2 4
31 12 2 4
