70 50
1 1 11
2 1 11 1
2 2 11 2
2 2 9 2 1
1 2 7 2
1 1 5 4
2 2 5 1
1 2 11
5 11 1
4 1 10 1
6 1 2 10 1 1
1 4 9 1 2
1 3 10 1 1
2 3 11 1 1
1 7 5 1 1 3
2 3 3 11 2
1 14 1 2
2 2 3 7 1 1 3 1
1 1 4 5 1 2 1
1 1 2 3 1 8 3
2 1 6 6 2 2
1 1 1 2 2 1 1 6 3
1 3 1 2 1 1 7 3 2
2 2 1 2 1 1 5 1 4 1
4 4 1 1 8 6
2 1 1 2 1 2 1 6 6
2 1 4 2 1 6 5
5 3 2 1 5 6
1 1 3 1 2 6 5
1 6 1 1 2 6 1 8
1 2 2 2 2 6 9 1
1 2 1 2 14 1
5 2 7 1 6 2
1 1 5 1 1 1 1 5 7
5 1 1 1 1 3 9
1 4 3 3 1 3 6 2
1 3 3 2 1 4 9
1 2 2 2 1 1 1 3 11
1 1 4 1 1 4 7 1
8 1 1 6 3 4 1
1 3 3 1 1 1 7 1 1
1 2 3 1 3 8 2 1 3
4 1 1 1 10 3 1 1
5 1 6 1 1 8 3 2 1
2 1 1 6 1 1 1 13 1 2 1
3 3 2 5 2 8 5 2 2
1 3 3 2 1 1 14 1 2
1 1 1 2 1 1 2 1 15 2
4 3 1 5 2 1 1 1 13 3 1
1 2 1 1 1 6 2 13 1 2
3 1 3 1 2 1 1 1 7 3 5
2 1 3 1 3 2 1 7 2 3 1
1 2 1 4 1 2 10 1 1 1 3
1 1 1 5 1 2 2 9 2 3
2 4 1 8 1 7 1 2 3 1
5 1 1 1 1 4 6 2 1 2 2
1 17 10 1 2 2
1 3 4 3 1 2 2 2 1 2 3
2 3 2 2 3 2 1 1 1 4
2 3 3 1 1 3 1 1 2 2 1
1 3 3 4 3 1 1 1
1 1 3 3 1 1 5 1 1 3
1 1 2 2 3 3 5 2 1
1 4 3 4 1 11 1
2 1 1 1 6 2 13
6 1 14 11 1
1 2 1 7 6 11 1
2 4 2 2 9 1 6 2
2 1 2 1 1 1 2 9 2 2
2 3 7 7 2 1 1 1
1 1 1
3 1 1 1 1 2 3 1 1
1 3 1 2 2 1 3 1 2
1 3 3 3 1 1 2 1 1 1 2
3 2 4 1 5 2 1 1 5
1 2 1 8 1 1 2 3 2 1 2
1 1 1 1 2 6 3 3 1 1 1 2 1
2 1 6 3 4 1 4 1 4 7
2 3 3 1 1 2 6 1 2 1 1 2 1
1 4 1 1 2 1 2 4 5 2 1 2
2 1 5 1 2 1 1 1 1 4 1 2 2
1 1 1 5 1 1 2 2 3 1 2 2 1
1 1 1 4 2 1 4 2 1 3 2 1 2
3 2 6 1 4 1 2 1 2
1 1 1 3 1 1 1 4 1 4 2
4 8 3 3 2 2 2
1 3 2 2 1 1 5 1 1 2 1
1 3 1 3 7 2 9
1 3 1 3 1 4 2 3
1 3 1 1 1 1 3 3 1
3 2 2 2 2 4 7
7 1 2 2 13 1
4 3 7 9 2
1 4 2 8 13 7 1 1
3 1 14 2 1 1 1 1 1 1 3 1 6
3 2 1 8 3 2 1 3 1 2 3 5
10 3 2 1 1 1 2 1 1 1 1 1 3
1 1 1 1 1 2 28
7 14 2 19 1 1 1 4
7 11 1 2 1 2 1 1 16 1 1 4
6 11 1 1 1 2 1 3 1 23 1 3
6 7 1 1 2 5 31 3
6 27 21 7 2
5 29 14 1 2 9
5 30 12 2 3 6 2
4 32 2 1 1 4 3 1 7
4 24 2 1 3 2 8 5 5 1
3 7 2 3 4 1 1 1 2 1 3 11 8
3 2 2 1 3 2 2 2 7 12 8
1 2 2 1 1 11 1 5 8 5 1
1 2 1 1 1 12 1 4 1 2 1 1 5
1 3 13 2 1 1 1 4 2
3 1 1 16 1 7 2 2 2 1 2
19 5 2 7 1 2 1 1
16 1 1 4 1 1 3 2 1 1
12 2 1 1 1 1 1 1 1 2 1 1
6 1 3 1 3 1 2 1 2 2 1 1
2 1 2 1 1 1 1 2 2 1 1
4 1 1 1 1 1
2 1 1 2

