145 60
2
2 6 3
5 8 2
10 11 3
29 5
36
31 3
31 5
5 20 2 12
27 1 2 6
5 21 1 1 3 4
4 2 3 1 9 1 2 4 4
2 1 2 2 1 9 1 12
2 1 37
7 20 9 4
4 20 8 4
1 3 5 18 3
5 1 15 3
4 3 10 3
4 4 7 3
3 1 3 4 5
2 2 3 6
2 3 3 1 2 3
10 3 2 4
6 4 20
5 24 3
4 14 5 3
2 6 11
2 5 15
1 3 17
2 20
5 1 22
6 6 4 15 3
15 18 3
2 1 37 1 3
2 30 13
2 24 22
3 3 43
5 42
1 2 42
2 32 1 5
2 28 3
2 24 3
2 10 10 3
9 2 3 2 3
9 2 7 3
8 5 4 2 3
3 11 4 2 4
8 2 2 4
11 2 3 5
2 2 1 2 1 1 5
1 1 7 1 2 6
2 9 7 7
1 2 7 2 3 5
4 8 2 3 5
4 9 12 1 3
2 13 1 1 1 3 3
2 1 12 1 1 1 8
3 13 1 10
3 3 10 1 3 1 3
3 4 3 3 12 1 3
1 12 24
1 12 21 2
1 2 12 21 1
11 13 20 1
1 13 1 21
12 18 3
2 10 25
4 6 26
3 7 5 1 2 1 10
5 7 25
3 1 6 9 1 3
2 1 6 9 4 8
3 1 5 2 11 9
5 4 12 6
3 26
4 29
2 31
32
2 2 20 5
1 4 20 5
1 4 1 26 4
1 4 1 14 12 3
1 4 1 4 9 1 19
4 1 4 29
2 2 3 12 12 3
3 1 1 1 8 12 3
2 2 5 1 7 10 5
1 4 1 3 4 14
1 4 1 6 4 5 12
1 4 1 12 4 5 5
1 4 1 5 5 5 4 5
4 1 5 5 5 14
2 2 3 2 3 1 17 3
3 4 3 1 13 1 4
9 3 22
10 4 1 8 2 7
2 6 4 5 6
5 6 4 1 4 6
7 4 4 22
10 3 4 22
13 1 3 23
23 23
31 3
3 26 3
2 9 15 3
8 1 13 3
6 1 6 3 3
3 3 2 4 4 3
7 1 2 4 4 3
2 2 2 2 1 1 3 3
2 2 5 2 11 3
9 2 2 11 4
3 2 2 1 3 10 4
5 1 1 1 3 5 4
5 1 1 2 3 1 3 11
5 1 3 2 2 15 3
9 4 24 3
12 33
13 34
2 8 17 5 3
1 25 3
1 3 23 2
2 32 2
37 2
38 2
3 35 2
2 36 2
24 8 2
1 14 1 1 8 2
1 11 7 2
2 9 6 2
1 8 11
10 2 4
7 1 9
3 1 1 8
1 1 3 2
1 1 2
1 1 2
1 1 2
1 1
1 1
1 1
1 1
1
3 1 7 7
1 3 1 2 1 2
1 1 1 2 2
1 2 2 2 2
1 1 1 2 2
1 2 2 2 2
5 4 1 2 2 2 2
7 6 1 9 2 2 4
3 1 2 4 1 1 1 2 2 7
4 4 4 2 1 1 1 1 2 2 1 4
3 1 6 4 1 2 2 2 2 1 2 1 1 2 2 2
4 2 6 1 3 4 1 1 7 7 2 2 5 2 3
2 3 8 2 1 2 2 9 2 2
5 15 6 3 4 11 2 3
7 5 9 1 3 3 5 4 6 3
4 1 1 5 4 1 1 1 4 9 5 3
5 1 2 6 13 5 1 10 3 3
3 2 5 18 2 7 2 18
2 8 2 12 4 2 9 2 21
2 3 4 4 12 4 2 3 11 8 11 4
3 6 9 10 3 2 6 2 9 19 2
9 3 9 9 2 2 1 3 3 10 15 4 1
14 1 4 9 5 1 1 3 3 9 15 4
8 3 9 9 3 2 3 2 4 5 8 14
21 5 10 1 8 6 1 4 9 11
14 5 5 10 2 12 7 7 8 11
9 4 5 11 19 4 2 4 6 9 12
8 4 5 15 22 3 1 11 3 13
9 4 6 17 6 14 5 2 12 12 14
14 5 17 6 14 7 1 4 3 4 6 15
10 3 5 12 3 8 7 6 7 1 3 7 16
15 2 12 1 8 7 4 10 2 6 12
15 2 27 7 10 1 9 11 15
14 2 18 8 7 12 40
14 2 10 4 7 5 2 11 21 5 13
14 2 10 2 6 3 7 12 5 14 3 12
17 2 4 5 2 6 1 29 2 5 4 12
18 2 11 2 2 3 8 8 6 1 1 1 6 3 13
18 2 11 11 16 4 1 1 1 1 1 8 5 12
19 2 11 1 10 12 24 2 4 11
7 7 2 11 1 22 32 11
8 8 2 11 1 9 51 6
12 5 2 12 1 9 51 6
6 2 5 2 6 5 1 25 5 4 4 5
5 8 2 5 1 4 16 15 4 4 4 5
5 7 2 5 1 5 1 9 1 16 4 4 4 5
16 2 5 6 1 9 1 17 5 4 4 6
6 7 2 5 6 1 10 1 8 8 4 4 4 7
5 5 2 5 5 2 12 2 4 9 5 4 4 7
5 6 8 5 15 1 4 10 5 4 5 9
5 6 2 6 5 2 1 10 4 14 4 5 8
4 6 3 6 5 1 2 10 1 4 14 4 6 9
2 6 1 1 6 6 2 3 10 2 4 12 1 4 6 10
2 3 2 1 1 6 5 2 18 4 11 2 4 6 5 3
1 13 2 1 5 6 10 5 4 7 4 2 11 6 4 3
22 2 5 6 8 2 5 4 9 10 8 6 1 2
66 4 10 2 6 9 4 2 4
55 59 4
43 75
78
