75 60
15
2 2 1
7 2 5 1
3 4 2 6 1
4 3 2 3 2 8 1
2 1 3 3 4 6 1
2 3 2 4 2 5 1
2 3 1 2 2 2 1
2 2 1 2 2 1
2 2 2 2 5
6 2 2 6
2 2 2 2 2 7
2 2 3 4 2 6
2 2 2 4 2 5
2 2 2 2 2 2 1
3 2 2 2 1
4 2 2 1
1 2 2 2 3 1
1 4 2 4 3 1
1 6 3 4 3
1 8 2 2 2
1 6 2 1
2 1 4 3 5
2 4 2 2 4
1 5 4 2 3 3
3 3 6 2 2 2 2 3 2
6 3 2 11 2 4 2 1
14 2 1 1 3 2 3 4 4
4 3 2 2 1 6 4 4 2 2
1 2 7 2 2 1 2 9 5 1
1 1 1 1 1 1 8 4 1 4 1
2 1 1 2 1 1 4 2 1 4 5
2 2 1 1 1 9 2 5 4
3 2 2 2 5 2 4 3
4 2 2 12 1 1 4 2
3 2 1 1 4 2 2 2 5 1
3 3 9 2 4 2 3 6
2 8 1 5 2 5 2 5 3
2 10 9 7 2 4
2 2 5 4 6 2 3 2 4
3 2 3 2 10 1 2 2 2
4 2 2 1 8 2 1 2 3
5 2 4 6 2 2 5
4 6 4 2 5 1 2 6
3 2 4 5 5 2 3 2 6
2 3 4 6 5 2 7 6
2 2 7 2 4 1 5 2 5
3 3 2 6 1 3 2 3
4 4 2 3 4 2 2
5 2 3 1 3 4 2 2
6 2 4 2 3 2 15
5 2 4 3 3 20
4 2 11 2 23
3 2 4 2 6 3 1
3 5 8 5 1
18 4 3 2 9 4
7 12 2 5 9 3
4 6 2 6 5 2
2 1 9 3 1
1 2 6 1 1 8
2 5 14
2 2 4 2
2 4 3 3
2 5 4 4
2 7 2 3 1
1 3 6 6 1
1 2 11 1
5 7 2
7 4
1 4 6
1 5 7 1
5 13 1
6 7 4
3 3 5
26
36
4 28
4 4 5 11
3 1 3 5 3
2 1 3 2
11 1 2
3 8 2
2 6 1
1 2 6 1
1 2 14
1 4 2 1 11
3 2 1 2 2
3 2 1 2 2
2 1 3 2 2 2
1 3 2 2 2 1
2 1 2 2 2 2 2
1 2 2 2 2 2
2 2 2 2 2
1 2 1 2 1
2 1 2 1 1 2
2 1 2 1 1 2
2 5 2 1 2 2
3 5 3 4 1 2 2
1 2 1 6 2 4 2 2
2 1 2 2 1 2 2 2
1 2 1 3 5 2 3 1 2
3 1 3 2 2 7 3 2 2
1 1 1 2 2 1 2 1 1 2 3 3 1
1 2 1 1 2 1 6 1 1 2 7 2
1 1 1 2 1 6 1 1 1 5 2 2
1 5 2 2 5 1 1 1 1 10 8
3 1 2 1 1 3 1 1 1 1 19 9
2 1 1 1 29 2 6
1 35 1 1 6
2 2 22 2 3 8
1 2 1 6 4 2 5 2 4
2 2 3 1 6 4 1 5 3 4
1 2 3 3 6 2 2 7 4 2 1
2 4 5 5 5 2 2 7 2 2 4
2 2 2 7 5 3 5 2 5 3 2 3
5 2 8 3 6 9 1 2 2 2
3 2 5 2 6 5 2 3 2 1
3 2 2 1 4 6 2 3 3 2 1
2 2 4 2 8 2 4 3 4 2 1
2 2 4 2 3 5 4 3 2 2 2 2 1
2 2 2 1 3 5 4 3 2 1 2 2 1
1 1 2 2 3 5 2 3 4 2 2 2 1
1 3 2 2 4 6 3 4 2 3 2 1
1 5 2 2 2 3 2 1 6 9 1 3 2 1
1 5 2 2 1 4 3 5 15 2 2 2 1
8 2 4 2 4 3 5 11 1 3 2 2 1
8 2 4 2 2 3 3 3 2 1 6 3 1
1 5 2 2 1 3 2 3 2 2 1 3 2 1
1 1 1 2 2 2 2 2 3 2 3 2 1
1 3 2 1 2 7 3 2 2 3 1
1 5 2 1 2 1 2 7 2 2 3 2 2
1 7 2 2 2 2 2 7 2 1 2 3 3 3
1 7 2 3 1 3 2 5 2 2 2 3 3 3
1 5 2 4 2 4 2 3 2 3 5 3 3
38 1 24

