30 40
5
7
1 2 5
1 2 2 6
6 1 2 3 12
2 1 1 1 4 5 11
1 2 1 1 14 5 1
1 1 1 1 4 2 8 4 2
1 1 1 8 2 9 3 2 1
2 1 4 1 3 1 4 5 2 2 1
2 1 1 2 1 3 5 6 1 1 1
2 1 5 1 3 10 1 2 1
1 2 5 1 1 6 7 1 2 1
1 6 1 1 6 7 1 1
1 1 1 2 1 1 6 7 6
1 1 5 1 3 3 7 6
2 14 1 6 7
3 1 1 8 8 1
2 5 16 7
3 7 6 7
2 1 2 5 1 5 7
4 3 3 2 4 8
3 2 1 4 2 4
3 4 4 3 4
2 3 3 8
2 3 11
1 2 10
1 2 9
1 7
1 5
5 2
5 2 8
1 1 1 9
1 10 3
1 1 1 1 2
1 1 6 1
1 1 1 3 2 1
1 1 3 2 1 2
1 13 8
2 4 3 1 9
1 1 1 1 3
1 1 2 2
3 3 1
1 1
3 2
4 5 2
2 4 6
1 6 10
1 4 16
9 5 10
3 5 5 4 5
2 1 1 4 3 3
2 5 17
3 9 1 9
11 2 7
10 2 6
1 5 9 6
2 17 7
2 23
3 21
4 16
5 12 1
6 6 1
6 6
13 4
2 3 4
2 6 3 4
2 3 2 3 4
3 4 4
2 5 3 4

