60 55
14
3 4 5
2 5 5
3 11 3
5 12 1 2
11 15 5
10 3 23
11 3 23
12 3 24
13 1 1 25
16 2 26
17 27
19 28
49
50
4 3 7 3 27
51
9 13 27
4 47
26 9 8
23 1 12 2 5
5 20 12 2 1 4
14 1 4 17 4
14 1 1 1 1 4 11 3 4
9 3 3 2 1 2 5 13 4
13 5 1 1 10 1 1 1 5 3
13 5 1 1 2 19 3
13 5 2 2 17 3
14 3 2 1 1 16 2
15 1 2 2 16 2
13 1 2 2 1 1 15 1
8 4 2 2 1 1 1 13
13 4 1 1 12
13 1 1 1 1 10
10 2 2 1 1 1 1 1 1 4
13 1 2 1 1 1 1 1 1 2
14 2 1 2 1 1 1 1 4
15 1 2 2 1 1 1 4
17 2 2 6
8 3 3 1 1 7
7 5 4 2 1 8
14 1 1 1 1 10
13 6 1 11
21 2 13
9 2 5 1 2 14
7 8 4 2 15
15 10 18
13 1 3 1 2 19
13 2 8 1 21
14 7 3 27
1 11 1 2 3 29
17 3 1 2 25 1
10 4 5 1 28
7 2 8 1 17 4 4
9 2 3 1 13 3 3 2
7 7 1 2 3 21 4
9 11 1 4 1 1 7 2 7
7 6 2 2 8 1 4 1 5 3
19 6 6 1 2 9 2 1
19 8 3 1 1 2 2 1 3 2
22
34
31 9
43
45
47
48
8 2 18 4 14
6 15 7 13 1 4
31 4 12 2
17 9 9 9 1 2
46 6
9 1 42
10 14 3 1 1 2 5 5
19 3 4 1 2 3 5
19 3 2 3 4 1 4 5
19 5 1 9 1 1 1 1 4
19 5 1 3 1 3 6 1 1 2
20 5 4 4 5 2 2 2
1 18 3 2 1 6 1 4 4
1 17 1 2 7 2 2 2 1 4
2 1 5 6 3 4 6 2 1 1
2 2 12 2 2 2 3 1 1 2
1 1 5 11 3 1 1 2 1 2
1 2 3 1 10 4 8 1 1 2
5 4 2 4 8 13 1 1 3
2 4 4 1 4 3 4 1 5
2 12 1 2 6 2 1 1 1 6
2 16 1 1 7 5 2 1
1 18 2 1 1 1 1 1 6 5
1 24 1 1 1 1 7 3
1 19 5 1 1 1 1 11
1 28 1 1 1 7 2
1 20 8 1 1 8 2
1 30 1 1 8 3
2 20 9 1 1 9 1
2 31 1 10 1
1 20 8 1 1 12 1
2 14 15 1 14
2 14 5 8 1 1 17
1 14 14 1 18
2 13 4 31 2
3 13 34 2
1 14 3 9 18 4
15 12 17 2 2
15 2 9 15 2 2
14 11 18 2
16 7 17 3
14 6 13 4
13 19
13 2 11 1 2 1
21 14 2
19 10 4
16 5 6 1
11 14
