45 45
2 4 27 6
15 9 5 5
11 12 2 4
3 2 9 4 1 1 3
12 1 1 1 1 1 2
9 5 1 1 3 2
2 1 2 3 3 1 1 2 2
2 3 2 3 1 1 1 2
3 1 1 2 1 1 1 3
3 1 2 3 1 1 4 2 2
5 2 1 2 1 3 3
4 3 2 2 4 2 3 1
3 1 2 4 4 4
3 1 4 5 2 3
3 2 4 5 3 6 3
2 1 1 1 3 1 9 2
1 3 1 2 3 2 10 2
6 1 3 2 3 5 2
5 1 3 2 3 5
1 3 3 2 2 3
6 7 4
3 3 3 5 1 4
8 4 7 2
9 2 5 2 1 2
13 3 6 11
2 4 4 11 1 3
12 2 1 7 4 1 1 1 1 1
4 7 1 2 10
10 1 1 1 1 1 2 2 3
5 4 1 1 1 1 1 10
8 1 1 1 1 1 1 2 2 5
2 4 1 1 2 1 3 7 2
7 1 1 2 1 4 4 4
7 1 1 4 1 5 2 4
1 6 1 1 14 4
5 2 1 14 2
9 1 12 2 1 1
3 4 1 10 2 2
2 5 4 1 2 3
1 5 4 2 2
1 2 2 2 3 1 1
1 6 1 5
2 8 5
3 5 4 6
8 8 8
9 7 9 16
16 2 14 4 3
5 7 3 5 5 6 2
3 3 3 3 1 15 1
6 1 1 3 7 9 1
6 3 2 9 5 1 1
3 4 1 17 2
6 3 5 5 3
6 1 7 8
5 2 4 6 8
5 1 1 1 4 5 6 2 4
2 2 3 1 2 4 7 1
4 1 3 3 2 7 6
8 1 5 4
4 1 1 1 3 3
1 2 1 1 3 2 1 8 2
3 3 1 2 1 5 2 5 1
4 3 3 4 3 4
5 1 2 1 6 6
4 1 3 7 3 6
4 1 1 3 1 1 7
3 3 1 2 8
3 1 1 5 2 5 1
8 3 5 4 1
2 2 1 1 1 3 3 4 4
1 2 3 4 12
1 7 2 1 1 1 4 6 6
3 2 4 1 2 7 5
2 2 2 1 12 1 4
2 4 1 2 5 2 2
2 2 2 3 2 1
2 4 1 11
1 2 1 2 3 7
1 1 3 5 2 1
1 4 2 11
1 1 3 2 1 3 1
1 1 3 2 1 2 3 1
2 9 1 1 6 5
2 2 5 2 1 1 3 1 3
1 1 1 4 1 1 4 1 1
2 1 2 5 1 1 1 2
3 1 3 4 2 1 1
4 1 5 3 1 1
11 9 1
12 7 1 1

